0.223 0.156 0.190 0.431
0.226 0.315 0.163 0.296
0.337 0.326 0.195 0.142
0.057 0.481 0.064 0.398
0.059 0.150 0.004 0.787
0.014 0.765 0.026 0.195
0.525 0.000 0.473 0.001
0.000 0.001 0.000 0.998
0.990 0.000 0.003 0.007
0.001 0.003 0.000 0.996
0.999 0.000 0.000 0.000
0.696 0.001 0.009 0.293
0.078 0.238 0.109 0.575
0.082 0.639 0.064 0.215
0.017 0.365 0.221 0.397
0.021 0.634 0.023 0.322
0.350 0.078 0.542 0.030
0.517 0.034 0.391 0.059
0.149 0.032 0.350 0.470
0.588 0.000 0.410 0.001
0.994 0.000 0.001 0.004
0.018 0.000 0.004 0.978
0.961 0.012 0.011 0.017
0.128 0.087 0.069 0.716
0.001 0.000 0.998 0.000
0.001 0.000 0.998 0.000
0.099 0.358 0.038 0.505
0.056 0.346 0.034 0.564
0.026 0.488 0.077 0.409
0.249 0.009 0.709 0.033
0.349 0.216 0.396 0.040
0.388 0.027 0.545 0.040
0.697 0.053 0.163 0.087
0.001 0.000 0.998 0.000
0.001 0.008 0.000 0.990
0.055 0.330 0.005 0.610
0.000 0.006 0.000 0.993
0.000 0.999 0.000 0.000
0.000 0.005 0.001 0.993
0.994 0.000 0.004 0.001
0.001 0.981 0.014 0.004
0.075 0.839 0.035 0.051
0.501 0.115 0.322 0.061
0.383 0.023 0.551 0.043
0.255 0.074 0.605 0.067
0.397 0.288 0.077 0.238
0.464 0.096 0.253 0.188
0.010 0.976 0.012 0.001
0.005 0.990 0.003 0.003
0.077 0.037 0.678 0.208
0.087 0.040 0.022 0.852
0.927 0.004 0.021 0.049
0.982 0.007 0.001 0.009
0.955 0.018 0.003 0.024
0.168 0.197 0.156 0.479
0.208 0.043 0.299 0.451
0.050 0.542 0.083 0.326
0.036 0.508 0.030 0.426
0.042 0.209 0.134 0.615
0.042 0.030 0.881 0.048
0.867 0.009 0.087 0.036
0.003 0.852 0.000 0.145
0.007 0.004 0.000 0.989
0.998 0.000 0.001 0.000
0.001 0.395 0.000 0.604
0.176 0.025 0.787 0.013
0.688 0.019 0.248 0.045
0.351 0.016 0.561 0.072
0.143 0.139 0.370 0.347
0.361 0.069 0.432 0.139
0.428 0.184 0.246 0.142
